[TRACK_START_LIGHT]
TRACK=adc_klutch_kickers_drifters_paradise
X=15.376401901245
Y=-0.51737642288208
Z=85.437072753906
ROT=0
