TRACK=cfd_val_de_vienne_2022
X=495.0426940918
Y=1.5083720684052
Z=69.54564666748
ROT=344.89999389648

