[TRACK_START_LIGHT]
TRACK=chania_pista_park
X=16.724697
Y=0.009367
Z=12.765958
ROT=124.000000
