[TRACK_START_LIGHT]
TRACK=fv_utah_motorsports_campus_2023fv_utah_motorsports_campus24
X=638.052673
Y=6.111602
Z=111.491676
ROT=0.000000
