[TRACK_START_LIGHT]
TRACK=fv_utah_motorsports_campus_2023fv_utah_motorsports_campus24
X=638.124634
Y=6.111647
Z=111.550705
ROT=99.199997
