[TRACK_START_LIGHT}
TRACK=interstate raceway comp layout 3
X=18.838865280151
Y=-0.23770904541016
Z=-33.621509552002
ROT=21.60000038147
