[TRACK_START_LIGHT]
TRACK=ireland_mondello_park_vdm_2025
X=-129.881485
Y=-0.343788
Z=291.503143
ROT=86.199997
