[TRACK_START_LIGHT}
TRACK=kb3k__dynamic_driftworks
X=-536.3876953125
Y=44.540828704834
Z=-100.46413421631
ROT=21.60000038147
