TRACK=poland_pge_narodowy_v3
X=0.249374
Y=19.191130
Z=-61.912319
ROT=0.000000
