[TRACK_START_LIGHT]
TRACK=vdm_ferropolis_2025
X=-97.083312988281
Y=-3.5729937553406
Z=-79.563812255859
ROT=74
